           1  0.52690226797765827     
           2  0.57417418959754696     
           3  0.59771063232972510     
           4  0.61288987591573096     
           5  0.62368742171058733     
           6  0.63286965482633151     
           7  0.63963739728067803     
           8  0.64717849160799534     
           9  0.65284914030731500     
          10  0.65895826878490582     
          11  0.66363092152189540     
          12  0.66711018580141623     
          13  0.66998656702951909     
          14  0.67489702918297090     
          15  0.67744520073582337     
          16  0.67917597130640572     
          17  0.68094493169418635     
          18  0.68433763596634078     
          19  0.68668333313107288     
          20  0.68861600329937156     
          21  0.69107886670046570     
          22  0.69259223212507948     
          23  0.69522082822654274     
          24  0.69677830046579381     
          25  0.69919382148299924     
          26  0.70058689682294240     
          27  0.70179769164624661     
          28  0.70460627303480639     
          29  0.70301920315166355     
          30  0.70521344286676779     
          31  0.70707708207804343     
          32  0.70938283035325844     
          33  0.70937860131244435     
          34  0.71182863106228023     
          35  0.71245210365329126     
          36  0.71358811649298082     
          37  0.71339049615200234     
          38  0.71405602021129944     
          39  0.71488180841311122     
          40  0.71765033268298573     
          41  0.71963046072272419     
          42  0.72072186035945940     
          43  0.72281256214872180     
          44  0.72301175647426386     
          45  0.72403591071161666     
          46  0.72532475485123193     
          47  0.72679433129324811     
          48  0.72691952787086400     
          49  0.72774171242275232     
          50  0.72802472485486369     
          51  0.72923110191488694     
          52  0.73056416555974057     
          53  0.73120995616854123     
          54  0.73092817704614443     
          55  0.73217620829961416     
          56  0.73244931565262594     
          57  0.73181691699495433     
          58  0.73181964991382942     
          59  0.73281784912759873     
          60  0.73430783735433480     
          61  0.73534345716814542     
          62  0.73545768063159134     
          63  0.73668446434005952     
          64  0.73765981319304641     
          65  0.73861491996845008     
          66  0.73852555812239828     
          67  0.73822760717816582     
          68  0.73971345803628596     
          69  0.73960935634968816     
          70  0.73950794451445889     
          71  0.74019321801810634     
          72  0.74052954026156181     
          73  0.74169265872057821     
          74  0.74313390448828254     
          75  0.74243787618897794     
          76  0.74414783477478452     
          77  0.74419083574040346     
          78  0.74455221442152730     
          79  0.74620640576183739     
          80  0.74661368859672017     
          81  0.74632432628181167     
          82  0.74707830914837847     
          83  0.74746638720413372     
          84  0.74788100657791834     
          85  0.74831143249318344     
          86  0.74852521667609839     
          87  0.74855727903748293     
          88  0.74875363104294834     
          89  0.74969993997598805     
          90  0.74961723566097371     
          91  0.74909011473920795     
          92  0.75029727441861316     
          93  0.75049317118811953     
          94  0.74986932194883127     
          95  0.74864811493785244     
          96  0.74900467288261963     
          97  0.74901535364770733     
          98  0.75027728207643318     
          99  0.75056378809532243     
         100  0.75095805475405897     
